sl_expected <- list(88,57,3,6,5,25,214,900,10,1000,20,15,190,107,52,1000,20,35,50000,3,
                   10000,10,96,120,19,180,1332,45,19,20,140,18,30,1500,740,20,1590,10,29,5,
                   c(20,60),c(3,10),c(50,90),c(60,300),c(70,700),c(40,3498),
                   c(8,32),c(40,75),c(400,1000),c(9,20),c(5,980),c(10,64),
                   c(78,100),c(6,12,18),c(3,7),c(9,24),c(7,70,700),c(400,800),
                   c(6,20),c(500,1400,2000),
                   128,128,128,128,128,156,156,156,156,156,37,37,37,37,37,8,8,8,8,8,
                   155,155,155,155,155,155,155,155,155,155,155,155,155,155,155,155,155,155,155,155,
                   4,8,16,32,64,128,256,512,1024,2048,4096,8192,16384,32768,65536,
                   1,1,1,1,1,1,1,1,1,1,
                   12,12,12,4,12,6,6,6,12,6,4,12,12,12,12,12,3,3,12,12,
                   12,12,12,12,12,12,12,130,12,12,12,12,12,12,130,12,12,12,12,12)
